-0.009923787068418314 0.5147516516284487
0.004975819988102771 0.5285337094091391
0.038271078464812563 0.5538404997399521
0.0484345008311674 0.5668447543098373
0.06328017279578455 0.5725300200635534
0.07412557644991274 0.5825117658352501
0.0903540508445541 0.5909829953688189
0.10025082662837724 0.6068271879893664
0.09682353547662884 0.5965526385715492
0.11001726247426015 0.6257612297963855
0.10717616732252576 0.6180407536339634
0.11351431340518542 0.6334595442722941
0.1251427204070534 0.616979644930054
0.13099003344144805 0.6521125878577312
0.13847238525063207 0.6383245458502685
0.1472372267079415 0.6585759835398636
0.1474134229435939 0.6470473068689813
0.15304734103085227 0.6854904234324367
0.15368305151930264 0.6770169108263415
0.15889389296693215 0.6570183126261083
0.14932861951095638 0.5634919308975125
0.1560767540861155 0.11047648269179897
0.16570158252712047 0.09354145131346876
0.16992719575050141 0.08202983133686689
0.16296840568927995 0.0678012268214379
0.1582454411851878 0.05955199521598137
0.17721994564907761 0.6958606913039052
0.1733964089936052 0.6784864171163496
0.16690591591895368 0.6750348899351815
0.1640481462347402 0.5591287174588275
0.1750898446899834 0.5483349323835406
0.17030449019060614 0.5350114990402325
0.17245273675523 0.13503167286691448
0.16427818506453948 0.12109019164242978
0.1722386047015154 0.10741084470933861
0.1710327137018202 0.1029915252846159
0.16645398424364735 0.08185162478086935
0.18096540977405975 0.07263518290168398
0.17851308785218303 0.0679464396944779
0.16389524237135925 0.0453421504843643
0.17437083045933552 0.034467138644779696
0.18331784665403242 0.711024327945932
0.1821919573613296 0.6945783143558845
0.18301697048029877 0.6799856180883749
0.19101614225802419 0.5602592254401836
0.1835567966073653 0.5520302795750668
0.1854748662950538 0.5424550573465572
0.19303499597691517 0.15981621250655317
0.17581473476205375 0.14565968006882282
0.18595229393001436 0.134487275304973
0.18068903318983334 0.12346918591501024
0.18038295258818632 0.10654030566280541
0.1822901759602518 0.10215310451965351
0.18042957661397727 0.08788729540924402
0.1815707436250598 0.06974616968436095
0.18032378809378627 0.06294571639902126
0.18085034790543664 0.044126798790591726
0.17144930004621348 0.03374201193751246
0.19146527413487088 0.7392268875114522
0.18991955066731867 0.7145931909625627
0.19107072265098404 0.702553524111965
0.2000500461591894 0.5609874853782141
0.2017106091971645 0.5559486908446677
0.19538156221321332 0.17334934137149954
0.1921579363917975 0.15601483671774613
0.19686488453994472 0.14956745340468813
0.19384395852990802 0.13262414673034592
0.1928693462429055 0.12444427725770747
0.19856087136233894 0.11157402034326531
0.19802439580023135 0.09708753546551296
0.19118402296746942 0.09261347177444593
0.19074182418472602 0.07349023993362608
0.1892394117013994 0.06581020266337624
0.19131369962882902 0.05239420805575425
0.1972975493254192 0.03981400135608409
0.19126479462460708 0.027564282472091698
0.20625352539845718 0.741559131928186
0.20813748838170848 0.7375865449736987
0.2076761480616338 0.7181584759535153
0.20791302125898323 0.5609120384177053
0.20624811827674058 0.5483750591393395
0.20801697299684882 0.20338825105833314
0.205817352252889 0.1809589051117613
0.20243333101571065 0.16976794372733497
0.20847289968101812 0.15890643391197928
0.20442952923148852 0.150187723085177
0.21270448233516384 0.13321885324694632
0.20177139976455766 0.1305321361443901
0.20860606769978518 0.11599322026432922
0.20854973811431163 0.07504729320001874
0.20430337891830969 0.06728210963385758
0.20693773264035753 0.05616724664432153
0.21190055053929505 0.03316370310928112
0.21018639381590282 0.02520162490237648
0.2136653047804849 0.7556179573498871
0.22396291636123322 0.7441610978456338
0.21762716364656792 0.7251594526588168
0.21931769741706775 0.5614717525106311
0.21808705987680732 0.5518523509564122
0.21499719032212014 0.20649587590974205
0.22034003203636263 0.18797016961499574
0.2235380422505543 0.18017970834262106
0.22081680003890963 0.17075695432828797
0.21886293191903253 0.16134655131599146
0.2254632314408911 0.14189641329356814
0.2089565297460896 0.04570301655369473
0.2222048346440963 0.033109333173260515
0.2210739251084723 0.02501501849031255
0.2188941655725541 0.01544505322012013
0.2295052451759918 0.7827644746687389
0.23100024705485062 0.7663772159696105
0.2324212922348478 0.7548503927086306
0.23155924165872205 0.7439029410937191
0.23152794023304638 0.5579898448908058
0.23698548046329335 0.5445289740929121
0.2336860574643562 0.21506007190127432
0.23189389448510653 0.20846372390461904
0.23396913701242436 0.19997927372631363
0.23416197952384177 0.1806764307035579
0.2322343174660978 0.1724780864925305
0.23057819481542807 0.04176041592746957
0.2308460797876134 0.02912740559452157
0.2289577691871043 0.014289959036071524
0.24449472629486307 0.7990971518226446
0.24107289354283432 0.777697469693178
0.24183380808878502 0.7690057073214748
0.2438137068419001 0.7543862036623158
0.2392034906916683 0.5619658257815809
0.2438144666339831 0.5482090791217581
0.25159981829035094 0.2482398002119751
0.2410651394403407 0.23386034151671048
0.24773194960038908 0.2177246509580567
0.24705644449970116 0.2045350284113542
0.24619219130385972 0.19452037414933826
0.2452905639465495 0.18326434243872394
0.2455432213092158 0.03663234181774832
0.24440934717882662 0.0244510492467103
0.23811595826923138 0.015101778091328039
0.25773961017475866 0.8122168557075966
0.25821069234725186 0.8034624762448132
0.2535083935432431 0.7897420775233915
0.25288110755277615 0.779963767275322
0.25245179477362556 0.5589641017502963
0.259686465877825 0.5462706377318063
0.2552491336148624 0.25418094279850134
0.25259164565506487 0.23991276010044196
0.26057221759489246 0.23401889787903188
0.25593988899572745 0.2253111128691406
0.25098066365098115 0.20321393760237452
0.2580852753784505 0.02604864021905735
0.25127810462104616 0.011291681287855874
0.265818965428338 0.8387440680231067
0.27003367405172823 0.831346007226146
0.2702826672243457 0.8161363929822317
0.27717107297999694 0.8045248877086936
0.2775841619168204 0.7938404487867127
0.2681960104137876 0.5653862061659554
0.276406891689737 0.5437404981209495
0.2642140589986287 0.2708627300216864
0.27520466370970376 0.25826550657058883
0.27316132349817474 0.24293200195110085
0.26285691693375607 0.23338563494342732
0.26813312851493926 0.21746299675405534
0.26607992806922576 0.0256493841173839
0.26564030757101825 0.008451566206098503
0.27835467294072236 0.8604533963161175
0.27925779875310636 0.8549875194997896
0.27407732059809364 0.8365208553795955
0.2804151362972116 0.8309996522754298
0.27443901499199025 0.8115655288452903
0.2815628825153421 0.8155036387638533
0.2811569822383328 0.7931398866699682
0.281030662880166 0.5566821765048149
0.2786626275208296 0.5482306424727624
0.2823425934576829 0.28197710241239393
0.2749005820853392 0.2697421336619598
0.2789668458481439 0.2528031007884597
0.27709895838259074 0.24143574197114567
0.2804802239802651 0.2317004770706833
0.2816255495050244 0.022120015754252063
0.2788246472861017 0.00916901750878599
0.2810847627149871 6.028997228147273E-4
0.28966738363787503 0.8912602461546429
0.293868025439107 0.8760359082176771
0.30070477325798456 0.8692268350949266
0.29325654219324143 0.8526201294675527
0.29145422883006766 0.839696883582443
0.29204974077823703 0.8268268683199403
0.29376298280621593 0.8234567832735183
0.2929948468608114 0.8087831588327425
0.2947931674798955 0.7871770193027547
0.29311472294274066 0.5600282085871923
0.2862554982872739 0.5535983883053973
0.2965806871161418 0.2913212773480733
0.29203224407428807 0.2712899087753484
0.295942390712047 0.2721507883271039
0.2943206893523436 0.25349519636970436
0.2971115606841126 0.031017901307542166
0.2955786012718566 0.009544348326408575
0.2890905190781875 -0.0026820320648194653
0.3017672521307831 0.9123047238432307
0.30713473388289203 0.8995441737836121
0.30400266403893894 0.8952967241370051
0.3075678721188904 0.8831436717649844
0.2969997341115073 0.8661617707433821
0.30345513811001534 0.8588596211277069
0.3031599609305054 0.8373315585523116
0.303759453873952 0.8035500026810386
0.307946726838788 0.7832653573212106
0.3067179314451297 0.5597568812296011
0.3111547729896115 0.5533269700297404
0.30679197750364523 0.30000383456144264
0.3028187364324582 0.29366893853329235
0.3034449650742346 0.2823606986416585
0.30897609595938114 0.2663746083907268
0.30055360353622956 0.02490721637027299
0.29838059475293255 0.012122183571369542
0.3057768950509347 0.0025491001450560842
0.31621822446526326 0.9387783656771743
0.3230942908305218 0.9269888416534935
0.31514641539895416 0.9164763630089336
0.313482061144608 0.8996378198771793
0.31317930269189737 0.8910376613699449
0.32024031200116554 0.8713875946207269
0.3142132033273641 0.8625288973673552
0.3240997385743068 0.8063251004246501
0.3165884239470053 0.7974579888977388
0.3136927926230653 0.5602823366364157
0.3219765259036411 0.5501857755742033
0.3198046665230442 0.32130447653067395
0.3239628956157589 0.3131042212249141
0.3109753276320186 0.3018557470931068
0.3187697745189726 0.29016244466464003
0.31555126075238965 0.2843345817389493
0.31447762037470384 0.025975362720659707
0.3151951025022145 0.010281462046497176
0.3162698775805617 -0.0022458754009106615
0.33260773280994854 0.9811344327855958
0.3337356907702762 0.9607830983754804
0.3276735269933081 0.9498034871107851
0.33008889834279687 0.9335878681437382
0.32766134058107743 0.9298220382246045
0.32423953314214893 0.9141017822626164
0.3319943976330323 0.9071167213485986
0.3285351633542877 0.8915115910797046
0.3356280025851905 0.8751618895939948
0.32764372625394894 0.7956907599357499
0.3352063466764651 0.7920004495972828
0.32969733720575917 0.560552346069981
0.3326644397079899 0.5591203811408669
0.3276859615847456 0.3421050380683998
0.32557291651334375 0.3232553397808927
0.33306669418317003 0.3145460203799201
0.3272007661749063 0.29877654303288187
0.33592954479935805 0.2919823037303746
0.32762115242506545 0.03053976954520972
0.32963461917758874 0.019817889130802374
0.32216149314474446 -0.0025512657397456207
0.34307262951038603 0.9998192256599484
0.3432310664115652 0.986164340592433
0.33850754549874934 0.9768646869369956
0.34141882006047275 0.9586152096878721
0.3472344369232733 0.9560763183483781
0.34243952502472563 0.9333062216193312
0.34797394600238757 0.9314030397075893
0.3425364258835206 0.9134743284961542
0.3466514251368673 0.8995006637813002
0.3394696332889485 0.8885118432209129
0.3408106126935293 0.8133807268773687
0.3422681368492559 0.7939544293904178
0.3477036157997022 0.5606961391898682
0.3446799931494083 0.5411622985455992
0.3400100208721704 0.3528138836381234
0.3446996133424889 0.3433524071713937
0.3453030361841667 0.3286545746971806
0.3418124257756619 0.3142721531814695
0.35163005059162056 0.30299929672306614
0.34243012586778104 0.02603605021022301
0.34184490521563915 0.014105078301085388
0.34785617909669636 -0.003375488719742266
0.3553602317922396 0.9833618013363411
0.35104904482691157 0.9802145907586016
0.35334377316478743 0.9645114971322172
0.35735128012367984 0.9509483407423109
0.3440583705402464 0.9345598561983762
0.3479787278641228 0.9210293449048244
0.3534449617450246 0.9175417501816018
0.3540145208495117 0.8039396927253611
0.35986504029407934 0.7970777214671376
0.35563626395860415 0.5661228594591979
0.3507620285548023 0.5432628973252502
0.3535189405890253 0.3676304933734176
0.35131149808262346 0.3479828738203017
0.3532831727381398 0.3378938508077578
0.35365140970073056 0.3338215841216058
0.3543902581828864 0.0225585492689059
0.3537776235215431 0.016136951037501755
0.34689181454909473 -0.0011667295067654432
0.3620293835386981 0.9877647174538501
0.36350692282356584 0.972265592523919
0.36006922082218373 0.9658073939069675
0.3605062172655045 0.9493075200163729
0.3671588311719244 0.944358966765519
0.35831163382116094 0.9354563394056203
0.3681695853256818 0.8032616873836137
0.3660527126539709 0.7947300010736057
0.36593955896806984 0.5610680183222166
0.36508976161114387 0.5570112290348194
0.36697812536823954 0.38102742146938084
0.36713493192038626 0.3660655573998584
0.3649711463231877 0.3489810491391796
0.3671241878269331 0.343772694942018
0.3698979287606725 0.0321486885699457
0.3634387206229527 0.01447465381320436
0.37014535375683016 -0.00427814365668852
0.37486006061080646 0.9742076821642364
0.3738995127036878 0.959419187273992
0.3750054174326971 0.9468601353508861
0.3766985756778769 0.9392618297612064
0.373548548965204 0.7961155269552129
0.3774474529096771 0.7912397043800938
0.370110477147162 0.5592211396274714
0.3757268262397782 0.5449510773868083
0.36523695005448464 0.3895279832352495
0.3777650018243086 0.375607755526779
0.3789735428482152 0.3658385955593867
0.37905513180205025 0.35225365630648175
0.38148545899287567 0.03170002678869525
0.37976469635008103 0.015433754000285375
0.37715222270588866 -0.0013040895961462916
0.39793983882390394 0.9854410654021208
0.38585353357503344 0.9620976794899702
0.3900657386924885 0.9489088215153038
0.3944433858100368 0.8070562766971594
0.3863547138200721 0.7980265532756868
0.38772540283402795 0.5587496362845046
0.3934568276788438 0.5487078018800997
0.3887750059715849 0.39790510887047337
0.3889609547522612 0.3898925344642448
0.39244364199975806 0.3763741535872311
0.38734059960605566 0.37018736187630885
0.3919423267102407 0.03241791637893262
0.3972771784098319 0.010403212973090669
0.3894678984898328 -0.0037445260815048283
0.4055432303069352 0.9657288234885989
0.4006714370076939 0.8054909807919695
0.39764484351349577 0.7854334514378877
0.3977538322196198 0.5577828651282876
0.403252755292923 0.5509125856569567
0.39965891215929 0.41378450292845415
0.407468686680382 0.4032487425433869
0.407298383766794 0.38893146750770924
0.40433171016883374 0.3744867633429452
0.39999348000730706 0.025168722595977504
0.4019965340075714 0.010810992254731915
0.3996024757341458 -0.0014508325323889808
0.4187177437418484 0.9601628758705625
0.4200675729272609 0.8018168969646093
0.4084453287975966 0.79535753885116
0.4106282800680119 0.5715213348968391
0.41279381417407757 0.5536871094914187
0.4104305843272902 0.4292705460222408
0.4053686980464142 0.4105829709633654
0.4188172039145928 0.39794401410007557
0.4104383937764913 0.38976741185899205
0.4091521950801838 0.0219104215441292
0.4162788688710133 0.011832531675959075
0.41212959758403916 -0.0029616057873930847
0.4335535073704664 0.7989148629882892
0.43303740483357867 0.7978501795400712
0.4344718966047084 0.555986767557394
0.4231851499587631 0.544528408827742
0.4260192531574599 0.440849058742293
0.4247052821299886 0.4343332806188756
0.4255122962959647 0.40950058077786466
0.43278319399772214 0.4033155968679896
0.427188879592485 0.016717923210403465
0.4290408233068937 0.0125123833182315
0.42838888155196375 0.005612269613940655
0.4446862660964964 0.8042539126110773
0.433055246636588 0.789047239902075
0.4465047669116686 0.5625484847769916
0.43300167710151616 0.5489236762520782
0.44290498512898696 0.4514272196293855
0.4384566325351524 0.4455176944402276
0.43778191941104033 0.42370657622781405
0.44029327906098253 0.41700570244450696
0.44417148658148936 0.025795961352043196
0.4357423271983801 0.016644157325682002
0.4326790935676666 -0.002603711691324804
0.4452114238209359 0.8070415529285058
0.4525685654880689 0.7855601384013525
0.45503396982470873 0.5575925973873482
0.44373889774086556 0.5476362983905342
0.4499265535171544 0.46172350297338977
0.4528984464473103 0.4513755202857491
0.4543541106367369 0.43820946264451055
0.4556082432166581 0.42409764580496967
0.4523790479108742 0.024187634239825576
0.4542295834174156 0.010517547556867311
0.4550842544974066 -0.009882831585806223
0.4593995246673555 0.8113491065130581
0.47326557102192407 0.791055219991653
0.4546975512861296 0.5592250271992363
0.4614449640017132 0.5497839357805003
0.46186850070633917 0.46664420671103
0.46771137298021714 0.4669490553317626
0.4672884053856103 0.45086997224841197
0.4593885482103026 0.4389862451806181
0.45832802938311706 0.019502317170167472
0.4637777337096023 0.012206215310780697
0.462932747251277 -0.0012219474601197035
0.4760878753576679 0.8028442647898172
0.465743043153746 0.797767969517557
0.4768049248868911 0.5607153514410419
0.47434008314705317 0.5534774675890717
0.47777044981188826 0.48455897907865053
0.4701952198512195 0.4736831999655963
0.4755890724926686 0.46199974796936516
0.47517456846109135 0.45371294098236525
0.4776569175878491 0.02383025356071126
0.48242968724400265 0.013999437759247578
0.4774503947570132 -0.0017920009224299668
0.4849691212691328 0.8006848407071991
0.48173554973438454 0.7850873910985396
0.4868250696704548 0.5602334920352557
0.4883708797941469 0.550117876727052
0.4904182868585121 0.5086536074650804
0.49205289461529456 0.4913325265282836
0.4906720328245864 0.4892860184684092
0.4886826196835211 0.4678572026086491
0.49128877441298185 0.45998685717382404
0.49135915040514455 0.023836433433052574
0.4880198503207653 0.005535473763229639
0.49058004499642904 9.611358958906459E-4
0.49893146435914376 0.8064167011024989
0.49963326999578145 0.7873108186774366
0.49200287511371155 0.5609903851639217
0.5106971848574348 0.5444207121401559
0.49888903892190384 0.5368642210435242
0.4997285837129111 0.5312218809844953
0.49900784575682056 0.509330061500291
0.5088255783822535 0.5043896321786122
0.5026312721115311 0.48662990032451975
0.5088988693646256 0.4772350770428598
0.4988184623023226 0.026410485081802784
0.5002678573802569 0.009913508921688175
0.5015265526316788 -0.0036353797299160323
0.515109147089932 0.809133359778873
0.5069247647546938 0.7963924790998463
0.5068067488330584 0.5605509297377737
0.5226211896173186 0.5485728614912834
0.5074544340714863 0.534619460862955
0.5226827943356954 0.5360521766362841
0.5145565780344981 0.5079412787699723
0.5112227347348484 0.4953662649377035
0.5206441634052701 0.4828278890875693
0.5155258020971396 0.023974676199491285
0.5114223827419002 0.011554021495782748
0.5145569320800993 0.0011792779220795968
0.5290155887597554 0.8024469553628598
0.5258804259270679 0.8001922777689876
0.5306472748396595 0.5710981746401549
0.5241381110597078 0.5666073072851264
0.5232985899917086 0.5515144655295535
0.5193844700121643 0.5333877619383027
0.5205311094663555 0.5287802250321783
0.5215250079408958 0.5115867008774221
0.5271485184964153 0.5036425700425576
0.5217414751072798 0.4875648479854237
0.5279657822865987 0.022731389889696405
0.519197055262089 0.01731698954448214
0.5222237600858801 -0.0025713789841706313
0.5369064573516505 0.8094326293108579
0.5402533141588854 0.7921914978974953
0.5419664733417493 0.5891028380595722
0.5318110168295792 0.5738924177138112
0.5440082842107639 0.560436930800337
0.5362839786219208 0.552357033256912
0.5481583358503236 0.5350772380242009
0.5382903041089234 0.5248014853246912
0.5317409682833478 0.5127512315697991
0.5358372626955912 0.49928830428534987
0.5404780558222154 0.019917988169009887
0.5371498758525006 0.01606504101397254
0.5433450526095124 0.007248351290899453
0.5427105234081987 0.8032700908478609
0.5536967687514323 0.7994480383922815
0.5398267700853235 0.6013917623658144
0.5582230206780345 0.588166212078544
0.5447113373665692 0.576143893733699
0.5486396493473936 0.5640739061542475
0.5451855829849964 0.5538627328635315
0.5468497756449174 0.5349921991893822
0.5517300386293925 0.5244269721210294
0.551582339549323 0.5153799997171713
0.551221018035865 0.027259419298365672
0.5448087045687361 0.014294655021462495
0.5475720517287928 0.0026704770853848915
0.56107938719993 0.8041252385631839
0.5644152236930892 0.7989906950905283
0.5666380866015835 0.5874327376608908
0.5675470341528527 0.5739446142145743
0.5673284325174619 0.5624428510524428
0.5610945737883307 0.5445539987060539
0.564690046733895 0.5355655371873501
0.557304925915957 0.5220934541466851
0.5580520803461253 0.029589068916139577
0.563717485380403 0.009132389568428037
0.5547616888008712 0.001363388766099128
0.5743731442884419 0.8073233833530219
0.5665488507567432 0.7894711662006283
0.5706079470691943 0.5692176317844864
0.5668610701754594 0.5593532931909023
0.5680390378924199 0.5447496386547404
0.570335089950945 0.5402466662324354
0.5749595592901019 0.5242252804349798
0.5823737271130758 0.0287239214798648
0.5718784509428788 0.02285763263348532
0.5711764891556524 0.004670452044761104
0.5845032590777118 0.8062101635316161
0.5869948029239068 0.7967864211316777
0.5925987194368055 0.5526212559327874
0.5875156871909196 0.5503079140669205
0.59166014402139 0.5359652421987058
0.5833545855997836 0.02445583873474227
0.5903059459537322 0.006464786614422321
0.5837476916023404 -0.0064821618737046895
0.5955647448551884 0.8042111594625353
0.5930051685922427 0.7977671599986896
0.5966927377524354 0.5449002792002395
0.5869262180263967 0.5338009264081132
0.5968249475913417 0.03355753081678525
0.5972199167094207 0.017205035288763104
0.5986913367137391 -0.008990914642405316
0.61211286445196 0.8048916528190405
0.6168601375526581 0.7959691320567788
0.6081950090440836 0.5516473880878378
0.6063175865465088 0.5354776651584124
0.6084368756174565 0.023097565447300426
0.6143295596519874 0.020898022333842296
0.6087755850202328 0.0015013297355120987
0.6168607282663945 0.8076880315301732
0.6279929329111543 0.7926824414715533
0.6204481514995404 0.02505833017324427
0.6258583978490705 0.012809982637672702
0.6219778272172125 0.0011875808045902114
0.6344299886220183 0.8035419661400758
0.6343428744874944 0.791046924710311
0.6372802086728493 0.01675349170142407
0.6383081183153445 0.012317406514949286
0.6311092613928094 3.610684681183805E-4
0.6420188947143411 0.8032580168839129
0.6418721923581681 0.791281239870471
0.6521220998270797 0.02223102819528378
0.6428007474258141 0.010120217479495649
0.6450526760681183 -0.0030610363063081365
0.6531994848082673 0.7981139237144179
0.6598217098546576 0.7882592549017602
0.6638008627659597 0.026422126246428847
0.6554006737898238 0.011870528508810126
0.6696714297246245 -0.002997463492087695
0.6730943013792654 0.8126097834370566
0.6778655675871911 0.7930880135993943
0.6710901062894482 0.02162270720180869
0.6747225829976161 0.014934450371547147
0.6704426803557104 0.0026906207660890064
0.6909919357224685 0.8071289935240945
0.6831904145467501 0.7906715270707002
0.6841142376192986 0.02326716101881932
0.6811379906372145 0.008705979232021563
0.6885174163721497 -0.00525634023972228
0.6910645468260531 0.8008279175683485
0.6914848592670513 0.7961753679011525
0.6977413439753603 0.024226813160926553
0.6940368350720935 0.015658308902172256
0.6947750407588245 -0.0018917867529429986
0.7087706344240874 0.8034688039698673
0.7113165670915418 0.7906232244080501
0.7005820449564766 0.02659809038191737
0.7140003508634402 0.0019511462440190332
0.7042266632804481 0.004219245109379703
0.7193353795219588 0.8070505508530492
0.7219800222967019 0.7956644166361179
0.7206501031458984 0.022706340251254852
0.7205012032639787 0.016293305534951237
0.7163883226246585 -0.0014906145293503007
0.7341217597326114 0.8081769058679671
0.7380753494295604 0.7914208364342052
0.7306549501796195 0.024399238452353828
0.7343486439012634 0.006226092849749043
0.7269339652178094 -0.0031397430996826627
0.7357015334451695 0.8078448431637663
0.7450663208381406 0.7929100126662588
0.7472124461833093 0.02682500068210042
0.7382111422880605 0.018582902225043753
0.7463107916512336 -0.004911074273758863
0.7582499047937304 0.8093362141885831
0.7551984904274567 0.7914629132928537
0.7547166335557816 0.02199336180432342
0.7494664737127952 0.015463787884376079
0.7545503639539252 -0.006148007858433544
0.7752058078306245 0.8026732718901651
0.7594183200105303 0.7956499952424467
0.759122765936699 0.02746016092960091
0.7742813708521122 0.015336025561751484
0.7768720101706789 0.003242832205513333
0.7748939920319864 0.8024802392021088
0.7859496920842786 0.7917882138126153
0.7771097939714355 0.022225906563333907
0.7916142357489974 0.011416928142594276
0.7853566804570632 1.4012601218983323E-5
0.7894837628517397 0.8057267581116877
0.7881968071668428 0.7928606135022553
0.7948842099094275 0.034015048737445444
0.7931833170365186 0.021257189769175268
0.796044899355612 0.017141030899608035
0.7933301835570484 0.003200171897091655
0.8048959419715649 0.8251414437578378
0.8054411661153781 0.8143638175290354
0.8077392777582817 0.8065387434366805
0.7994663053849175 0.7975772464737971
0.8075358796332188 0.036802607872246346
0.8097982037765517 0.02041892804008937
0.808761964493874 0.010117445265810193
0.8122092712896027 0.8388998959009215
0.8245503509629619 0.8358560825411661
0.815952191686536 0.8122893671535014
0.8157766242851484 0.7973113927604225
0.8189302222244574 0.7851195387042379
0.8139062524810687 0.031062765330838727
0.8179634112050358 0.0275190131924051
0.8129770121041766 0.01217930549243952
0.831864989460183 0.8564201557528245
0.8280098581205603 0.8481100350847972
0.8175295645115015 0.8287708925930585
0.8286123782387191 0.8199175868281237
0.8331997194443517 0.80891531711259
0.8229595498595094 0.7990418434111602
0.8221708432260321 0.0444582607392108
0.8339037916077157 0.023048240832800236
0.834354060573561 0.012797133294802686
0.8460608711290089 0.8654315044546198
0.8433145942144007 0.849762878693698
0.8540876940913722 0.8395271242757931
0.8369305832854722 0.8325626872371248
0.8372165450469939 0.8183174879087743
0.8411479933202375 0.8156515130346241
0.8361538929418141 0.7981141326372737
0.8420313013652155 0.03569421192746829
0.8391944229261814 0.02091317918446434
0.838638008027989 0.009383112087174432
0.8534648366203142 0.8496548714928389
0.8533523327446502 0.8360501547898502
0.8547611659484149 0.831594591280736
0.856878936004988 0.8222729687187967
0.8559322936878788 0.8071966507489121
0.8469684519387303 0.7871454692397144
0.8518686876648598 0.05139946744673568
0.8498584891331312 0.03167793827710008
0.8523663946688553 0.031999725766307066
0.8574458713704921 0.011644356380241973
0.8708554879094988 0.8404581954240304
0.8593781436080928 0.8306154147213661
0.858992320482744 0.8146387677743624
0.8697600139130252 0.8008924860447981
0.8683039050460023 0.7900290002221119
0.8580027621171802 0.05591321534179452
0.8656883423757132 0.051121181554921714
0.8715135703027288 0.038599758716685716
0.8595225591109739 0.02989857125289985
0.8600514699810752 0.013694262868602348
0.8819662086470209 0.8302673610707891
0.8816851340228566 0.8199488910516101
0.8759747235038029 0.8076882137239412
0.8816323559507658 0.7850713974960393
0.8843517236464913 0.06971160567721013
0.8791545013162674 0.06031320952239307
0.8781635528623899 0.04729088097420164
0.8743323062032103 0.03542539827730999
0.8781176797676135 0.024673112927014063
0.8917340112984803 0.8162530419194735
0.883569915487723 0.7989638747363782
0.8869121017864052 0.7945360781121931
0.890070239753556 0.09859004974801427
0.8927978187842547 0.08607792994387801
0.8880114534858725 0.06861268164660579
0.8905442774269409 0.05410081465104934
0.8894138389273238 0.051945307533213525
0.8878950946106703 0.035818445385644375
0.8864223150326087 0.03163824739806667
0.9042437511068337 0.8040058260263356
0.9014848282930276 0.787933373160671
0.9014686500113581 0.12524991781966915
0.9044488150495843 0.11639066576255958
0.9059788749050249 0.1147185383915421
0.90382982002558 0.09984131020850966
0.9007992769141451 0.0812809444723971
0.8952799759767088 0.07568635105059694
0.9054165360640494 0.06494092645086512
0.8997090171327734 0.05382890394334991
0.9020225803031682 0.04068475251795399
0.9049018663838194 0.027138266411881606
0.9124904373591801 0.1817836861573524
0.9152840301341912 0.17340149721383766
0.9202993641596222 0.1513618920443635
0.9172219381152383 0.1414375277826605
0.9146871602414391 0.13847115794772705
0.9177493811769227 0.12651459151063346
0.9195843213502666 0.11103320941971488
0.9181382666188784 0.09483660351947865
0.9183301977910977 0.08223460599955501
0.9195071717343412 0.07159724157553486
0.9193803071607605 0.05833794263786972
0.9097088025922486 0.039306192710992366
0.9167325747519959 0.04071909828246727
0.9306376589842406 0.23312831134553244
0.9193800437818719 0.21987942459331222
0.931728663913543 0.21031139482712607
0.9325168012668006 0.19445498957404586
0.9296638780911115 0.1925900551373723
0.9350055330921305 0.16664683769094255
0.9268958148679164 0.15818827256400608
0.9316628078362178 0.1503332722389201
0.9206504545927563 0.13364216626274467
0.9322621063612968 0.11812823632844215
0.9315525226965289 0.10936750295013832
0.9264960761492859 0.09509799048778651
0.9209004677156513 0.07693274093865121
0.9324026338168591 0.06959346412615959
0.929151651547793 0.05626964033118377
0.9317759172365542 0.053699613895130296
0.9406348088661094 0.2347547508260675
0.9401710534685955 0.21733795262482133
0.9365063489725285 0.20603108793190952
0.9421266371868491 0.08839517296576022
0.9432034566722437 0.07399572583029042
0.9392687454177193 0.05915753815171882
