3.905571951 3.554856798
2.79252248 3.671728801
2.738929274 4.715540739
4.409497433 3.078985086
4.598519439 5.35471471
4.229496229 5.183661781
4.103511277 5.15665373
4.697537149 5.147651068
2.533982309 2.312438866
4.319493955 5.516767303
5.075630181 5.714833856
4.679533667 5.489758403
2.640803573 5.462749554
4.310493906 5.192664485
4.589518015 5.11164053
4.598519439 4.454501027
4.067518578 4.850570738
4.391496325 4.814562248
3.932560446 4.922588648
4.850570738 4.427498733
4.760550161 2.810396706
4.319493955 5.15665373
4.238495712 4.841568585
4.418498059 4.940593304
4.562513946 4.625523907
4.751548228 4.985605228
4.589518015 5.192664485
4.580516625 4.949595656
3.932560446 5.264686464
4.517507878 5.336708999
4.121508163 4.706538931
4.625523907 4.751548228
5.129645776 5.066627625
4.418498059 5.516767303
4.481503716 5.660815504
4.967600411 5.066627625
3.554856798 2.551767479
3.869589138 4.643527041
4.238495712 5.15665373
4.643527041 4.715540739
3.48295716 4.364495038
4.625523907 5.183661781
2.58736063 2.312438866
3.420060906 3.644754882
4.373495416 5.399729114
4.967600411 4.895581794
4.292493985 5.066627625
4.184499869 4.832566452
4.391496325 4.868575103
3.500930346 5.291694853
5.35471471 5.2286754
4.580516625 2.872991921
3.743668192 4.805560178
4.049522792 4.319493955
2.312438866 3.455999681
4.283494115 4.571515268
3.078985086 5.678821606
4.679533667 4.769552119
3.312279429 5.102637925
4.589518015 5.201667199
3.869589138 3.61778295
4.7785541 5.309700488
4.625523907 5.2286754
3.267387967 2.409725477
5.687824663 4.904584061
4.166501842 4.499505717
4.571515268 5.11164053
4.373495416 4.481503716
4.292493985 5.066627625
3.626773366 4.418498059
4.427498733 4.652528654
4.868575103 4.715540739
4.832566452 4.814562248
4.391496325 5.399729114
4.706538931 5.462749554
4.553512659 5.543776249
4.328494061 5.363717577
4.301493916 5.273689252
4.607520896 4.985605228
4.751548228 5.615800318
4.499505717 4.607520896
2.312438866 5.192664485
4.157502945 5.480755448
4.814562248 5.237678152
4.598519439 5.849880262
4.490504696 4.427498733
2.953544394 4.643527041
3.509917383 4.886579545
2.489554838 4.067518578
3.797630448 4.859572911
3.905571951 5.012612567
4.103511277 4.535510194
3.914567988 5.174659087
4.310493906 5.120643147
4.490504696 4.913586346
3.491943604 5.219672657
3.545868368 3.887580272
3.61778295 4.346494441
4.742546318 5.372720451
4.463501881 5.219672657
4.679533667 5.138648416
4.418498059 5.399729114
4.715540739 5.192664485
3.330239066 5.561782238
3.509917383 4.967600411
3.734675098 4.787556103
4.463501881 5.399729114
4.562513946 2.926685137
4.310493906 4.967600411
4.337494223 4.571515268
4.832566452 4.877577315
4.265494561 5.183661781
3.034167682 2.312438866
4.346494441 4.490504696
3.572834447 4.373495416
3.869589138 4.436499453
3.941556863 5.237678152
4.877577315 5.012612567
5.066627625 5.165656403
3.689712466 5.093635331
3.66273728 4.787556103
3.788636314 4.769552119
4.013532415 4.985605228
4.112509676 4.670531967
4.715540739 4.751548228
4.562513946 3.833608581
6.1469843 5.255683684
2.312438866 5.237678152
4.337494223 4.427498733
3.905571951 5.129645776
4.031527399 5.039620035
3.68072053 5.471752498
3.572834447 2.312438866
4.445500218 4.850570738
3.159698333 4.022529855
2.881938335 4.481503716
4.508506778 5.300697667
4.526509017 3.698704603
3.878584636 5.543776249
4.040525046 4.535510194
4.823564339 5.309700488
4.418498059 4.976602812
4.868575103 4.643527041
4.976602812 5.003610106
4.130506734 5.651812459
3.968546837 5.381723332
4.463501881 5.372720451
4.913586346 5.579788247
3.572834447 3.968546837
4.346494441 5.579788247
3.61778295 4.463501881
4.490504696 5.78685852
3.267387967 4.697537149
4.490504696 4.157502945
4.598519439 3.411077061
4.508506778 3.860593781
4.634525459 4.868575103
4.418498059 4.499505717
3.285343204 3.563845493
4.346494441 4.859572911
4.652528654 3.590813115
4.535510194 5.435740756
2.480675709 4.526509017
3.438029627 3.923564154
2.312438866 5.012612567
5.021615042 5.516767303
4.481503716 4.715540739
4.130506734 4.598519439
4.166501842 3.878584636
4.229496229 5.309700488
3.61778295 4.787556103
4.427498733 5.246680914
4.031527399 4.139505389
3.68072053 4.742546318
5.075630181 4.301493916
2.944590415 4.949595656
3.285343204 5.534773262
2.837216676 2.738929274
4.058520637 4.634525459
4.094512966 4.544511408
4.274494307 5.606797294
5.093635331 3.905571951
3.339219507 5.63380638
3.97754373 3.66273728
4.301493916 4.661530296
3.905571951 4.328494061
4.508506778 5.129645776
3.842603499 5.561782238
4.454501027 5.057625082
4.643527041 5.345711851
4.481503716 4.337494223
4.229496229 4.553512659
2.312438866 3.896576045
4.00453508 4.841568585
3.48295716 5.08463275
4.418498059 5.516767303
4.679533667 3.932560446
4.130506734 4.157502945
4.274494307 4.310493906
4.769552119 4.895581794
4.625523907 5.52577028
3.986540736 4.310493906
4.976602812 5.561782238
4.040525046 5.507764331
4.580516625 5.264686464
3.500930346 3.141757721
4.769552119 5.003610106
4.508506778 5.030617531
4.103511277 5.705830788
4.607520896 4.373495416
4.346494441 5.120643147
4.904584061 5.480755448
5.624803347 5.066627625
4.616522386 5.147651068
3.995537853 3.995537853
3.851598567 4.967600411
4.706538931 4.760550161
4.274494307 4.760550161
4.022529855 5.129645776
4.616522386 4.697537149
4.769552119 5.021615042
4.382495845 5.507764331
4.517507878 4.940593304
4.886579545 4.130506734
3.043129727 4.472502777
4.409497433 5.543776249
3.061055996 2.312438866
5.381723332 5.831874036
3.842603499 4.553512659
4.931590967 5.444743683
4.571515268 5.030617531
4.571515268 4.751548228
5.435740756 4.994607659
3.743668192 5.696827724
5.912902137 7.371424193
3.527892318 5.246680914
4.00453508 4.652528654
4.373495416 3.258411046
5.012612567 4.436499453
4.499505717 5.516767303
4.472502777 4.625523907
2.58736063 3.195586434
4.247495262 4.445500218
2.312438866 4.787556103
4.7785541 5.210669923
4.454501027 5.030617531
3.97754373 4.310493906
4.760550161 4.130506734
4.607520896 3.536880206
4.652528654 4.427498733
4.238495712 4.823564339
3.59980282 4.373495416
4.21149747 5.561782238
3.671728801 5.210669923
4.202498197 4.382495845
2.935637324 4.643527041
4.481503716 4.940593304
4.742546318 5.138648416
4.256494879 5.390726219
5.08463275 5.075630181
3.923564154 4.760550161
3.491943604 4.841568585
4.013532415 4.607520896
3.824613813 2.356618144
4.085514744 4.679533667
4.202498197 4.661530296
5.030617531 5.075630181
2.658631121 4.79655813
4.328494061 5.390726219
4.661530296 5.408732015
4.310493906 5.15665373
4.373495416 5.192664485
4.508506778 5.219672657
4.139505389 4.931590967
4.391496325 4.634525459
3.563845493 5.012612567
3.797630448 4.895581794
4.787556103 5.273689252
3.545868368 4.850570738
2.383159804 4.79655813
4.670531967 5.336708999
3.132788311 3.581823656
4.319493955 4.553512659
4.760550161 5.210669923
4.265494561 5.192664485
4.841568585 5.462749554
4.391496325 5.552779241
2.837216676 3.806624744
4.220496815 4.139505389
4.634525459 4.364495038
4.616522386 5.003610106
3.249434601 3.258411046
4.697537149 5.678821606
4.445500218 4.526509017
2.312438866 4.247495262
3.788636314 5.687824663
2.312438866 3.860593781
4.112509676 4.580516625
3.806624744 5.039620035
4.301493916 5.624803347
4.715540739 4.958598026
4.022529855 5.030617531
4.805560178 5.066627625
4.7785541 4.886579545
4.472502777 5.15665373
4.202498197 4.823564339
4.580516625 5.138648416
4.418498059 5.291694853
4.21149747 4.085514744
3.330239066 4.994607659
4.886579545 4.373495416
4.364495038 5.345711851
4.895581794 4.913586346
4.715540739 4.79655813
4.526509017 4.274494307
3.959550061 4.274494307
4.220496815 4.445500218
4.877577315 5.453746615
5.012612567 4.814562248
3.195586434 4.652528654
4.472502777 5.11164053
4.166501842 5.588791258
4.049522792 5.309700488
4.895581794 5.138648416
4.274494307 4.121508163
4.580516625 4.382495845
4.184499869 5.462749554
3.950553402 4.967600411
4.724542573 4.967600411
4.346494441 4.427498733
4.652528654 3.752661466
3.393110432 4.7785541
3.914567988 5.363717577
5.102637925 4.823564339
4.355494713 5.462749554
4.886579545 5.129645776
4.850570738 5.08463275
2.312438866 2.312438866
4.499505717 5.120643147
4.535510194 4.508506778
3.932560446 4.229496229
3.258411046 5.660815504
4.472502777 4.256494879
2.312438866 4.958598026
3.671728801 4.922588648
4.850570738 5.15665373
4.535510194 4.373495416
3.806624744 4.058520637
4.319493955 5.363717577
3.114851337 5.201667199
4.229496229 4.256494879
4.436499453 5.237678152
4.121508163 5.489758403
4.634525459 5.516767303
3.932560446 5.273689252
3.375145261 3.851598567
5.174659087 5.264686464
4.544511408 5.318703317
4.994607659 5.120643147
4.220496815 4.040525046
2.774653051 4.841568585
3.932560446 4.913586346
4.445500218 5.165656403
4.220496815 4.454501027
4.328494061 5.102637925
3.429045097 5.327706154
4.355494713 4.580516625
3.743668192 5.129645776
2.810396706 2.312438866
4.040525046 4.859572911
4.679533667 4.409497433
4.238495712 3.779642346
3.905571951 3.914567988
4.21149747 5.219672657
4.571515268 5.192664485
4.688535394 5.588791258
4.193498996 5.210669923
4.112509676 5.408732015
3.743668192 5.120643147
4.274494307 4.742546318
4.715540739 4.895581794
3.689712466 4.031527399
3.429045097 4.994607659
4.733544433 5.210669923
4.049522792 4.238495712
4.409497433 3.842603499
4.256494879 5.552779241
4.589518015 5.408732015
4.247495262 4.319493955
3.932560446 5.192664485
4.283494115 4.184499869
4.310493906 3.61778295
3.213533763 4.301493916
3.97754373 5.435740756
4.193498996 5.165656403
4.256494879 5.012612567
4.544511408 5.2286754
4.553512659 4.724542573
4.580516625 4.868575103
4.715540739 5.030617531
3.671728801 4.976602812
4.346494441 5.219672657
4.391496325 4.526509017
3.545868368 5.057625082
3.761654919 5.264686464
4.292493985 4.751548228
3.384127661 3.626773366
3.536880206 4.616522386
3.168669514 4.454501027
4.436499453 4.895581794
4.697537149 4.994607659
4.454501027 4.103511277
4.094512966 5.678821606
4.625523907 4.940593304
3.905571951 3.213533763
3.887580272 2.312438866
3.402093567 4.103511277
4.310493906 5.147651068
4.859572911 4.805560178
4.364495038 5.210669923
3.581823656 3.339219507
4.427498733 5.291694853
3.105883795 4.913586346
2.560662965 4.652528654
4.346494441 5.012612567
4.751548228 4.085514744
4.616522386 5.273689252
3.545868368 4.994607659
4.481503716 5.201667199
4.310493906 4.877577315
4.382495845 5.102637925
4.607520896 5.066627625
4.193498996 3.950553402
4.148504127 4.634525459
4.616522386 5.660815504
4.607520896 4.319493955
3.923564154 4.79655813
3.186613575 5.300697667
4.400496855 5.057625082
4.067518578 4.751548228
3.294321505 4.328494061
3.420060906 3.851598567
4.724542573 5.52577028
4.814562248 5.462749554
4.310493906 4.958598026
4.148504127 3.312279429
4.571515268 4.940593304
4.247495262 4.922588648
3.581823656 5.462749554
3.97754373 5.471752498
4.184499869 4.652528654
4.913586346 4.445500218
4.490504696 4.940593304
4.517507878 3.204559834
4.670531967 5.462749554
3.402093567 5.003610106
3.213533763 4.130506734
4.940593304 4.904584061
3.833608581 5.318703317
4.454501027 4.733544433
3.932560446 5.147651068
3.563845493 4.805560178
4.274494307 5.165656403
2.392012421 4.652528654
4.499505717 4.787556103
3.402093567 5.327706154
4.499505717 5.372720451
4.994607659 5.219672657
4.364495038 4.319493955
3.752661466 5.372720451
4.112509676 5.075630181
4.679533667 5.417734922
4.634525459 4.670531967
3.959550061 5.705830788
4.679533667 5.003610106
4.013532415 4.373495416
2.312438866 2.312438866
2.774653051 4.697537149
4.139505389 5.066627625
4.79655813 5.030617531
4.193498996 4.301493916
3.518904709 5.15665373
4.7785541 4.526509017
4.319493955 4.805560178
4.823564339 4.7785541
4.418498059 4.967600411
5.021615042 5.696827724
3.635764012 4.472502777
4.310493906 4.589518015
3.851598567 5.642809417
3.698704603 4.517507878
3.016245837 4.535510194
4.922588648 4.814562248
4.076516615 5.417734922
4.481503716 2.56956034
4.724542573 4.688535394
4.571515268 5.822870927
3.887580272 3.914567988
4.103511277 3.303300249
3.429045097 4.364495038
