1.9172273938441822 0.1836403501140439
-0.13454129707961426 0.6163374945335471
4.4590866669832625 0.10156428345439175
3.9304589849168208 0.21175816224389066
3.73577257485122 0.004984275684359857
-1.289682196453819 0.6227379940774531
6.1536951290124335 -0.7502987480107755
1.6351819874133227 0.2632027947638923
0.8659455951744692 0.21365001511588266
5.201145422097573 -0.14841218290766262
2.2870206916866977 0.15093555448727297
3.974655866910621 0.11429594992430063
1.6068662386073538 0.5935490665536334
5.01630496313229 -0.015249055810716117
1.944423531968577 0.24105406524631456
-0.8229948900110333 0.4191881563247245
1.4196903625392738 0.46038556478838205
5.004240504505663 -0.7121078269360346
3.5507668880132033 0.2945990526622649
0.15282017765948064 0.21502426602221847
1.9008821726178557 0.08042913726934284
2.2556004841983057 0.3323769854626789
3.366536556357842 -0.11831915329195514
0.15533037134335004 0.6120308662688221
3.696056116411113 0.17320972546208502
2.283286470194782 0.30096286426399554
5.812054026848776 0.17441626229256693
4.079171868852528 9.655683422397643E-4
4.03575583445877 0.10417889423594096
1.5945450773515764 0.2131477875249274
1.1771351161156396 0.26037747132626127
3.877887464375121 0.05375761229510714
2.249329839680623 0.21670529834596974
3.301504892177606 -0.4265024182731791
1.4320520673799788 0.20716037214556776
0.893113471613544 0.9387585622697114
5.638583026266755 -0.49360799158359775
4.788230091783772 0.0517337705525556
4.655119609864699 0.1273177434040317
3.2973162214248353 0.05917805431188278
1.8803246337157555 -0.12408370335137697
1.1511870773394615 0.37413237311672165
3.3025015488623026 0.09036537774102187
4.249294938444769 -0.19549011297308122
1.3919776430917028 0.33074382294167626
0.7546685647889366 0.7630938903243742
4.334355669176357 -0.5130990627071286
2.1263935745536235 0.16219088296665304
-2.478962165593924 0.4460355704588473
0.4222852504371395 0.2842611974838263
3.7018047210121647 -0.05982622829866974
5.658886902361207 -0.24688644436040003
3.834914892682938 0.14446400277580407
2.798372306156434 -0.22230806127482727
2.371511509017541 0.40402877230578804
0.938765960701466 0.8625120879718036
3.194448151276376 0.866295308402097
2.822262830489458 -0.07851380612289005
0.21605761184643235 0.07936724696777468
1.5734438813252076 0.16198408037488907
3.1826020713764445 0.4397092565298813
5.290107117599046 0.2685670019521957
1.9979823198759967 0.21395191375527323
5.099537451235097 -0.00283772683155481
2.492149191874991 0.5514608707314442
4.179554075722434 0.0959871408160368
1.1140173660948516 0.16382921382649474
1.7646634655850864 -0.09895795699927062
1.773220999361928 0.06251187698369923
2.6707390375586897 0.21720712106670043
2.465264866825418 0.11069131567394155
2.5914271816890686 0.5593054377451661
2.4470022311151616 0.48882837728624784
2.6272208629924134 0.07484799563398734
5.338344915406717 -0.29606875407559147
5.1755856418459025 -0.128133369402265
0.42990909799894794 0.7135300843275754
2.71171412579534 0.16918338146475506
1.6548761775517047 0.7002574840128235
-0.3810079988397739 0.17621810023622647
4.520477934575618 -0.1078511155379524
5.605460313996867 -0.14866258189539117
0.6418913307572565 0.7237205571523186
-0.25188541806462306 0.3306257687272519
4.406894469204206 0.2306626394843481
2.2180879566283456 0.3561497650981843
1.5259577346662438 0.5386923151866341
2.4755310687000738 0.06820237911406586
2.627428491182364 -0.06170037678596277
2.96021276004208 -0.00925716058290299
5.65974312960712 -0.13441575344406076
0.9021454042511681 0.25629921726330657
1.4364034181321594 0.663672311902758
2.0724437527671684 0.0034200065608401553
3.802999443171608 0.09957504412759569
2.9114842073789506 -0.08084220585479357
3.7311725314230753 0.32393987382987766
0.27043122206756065 0.42568371918933573
6.897881562090696 -0.15241728912739827
4.246561969532141 -0.021760535106551876
2.9528774141253518 0.03089857155407244
4.3856153368835225 -0.1929711180278057
4.386593288939109 0.1894937452357922
5.476253253665753 0.22864498253681592
0.4642255555962511 0.29530490130184583
4.9758473520931545 0.0031874715770587037
3.787786696747818 0.42651064104555986
6.6253193103514665 -0.5067711765680498
3.6313415166240905 -0.06302349012976893
5.251111815330692 -0.08964107591958448
1.338312740451413 0.3312508070438459
3.2701924647258993 0.11660508444507985
2.98904877709359 -0.28656691098263964
1.9072836689640582 0.44097767879960786
3.781224566279973 0.3784495818983152
6.063916592097989 0.04109480472851798
3.319961136770771 -0.006617644389764921
1.7067777691685087 0.40434685832569495
1.6556634598938966 -0.16075716246786192
2.8527727573038657 0.47123300940585566
1.5454905164937363 0.20739678763274
-0.9668971229328478 0.9574216327473914
3.581784145564211 0.22824445907920496
2.8401911546183496 -0.40179563975260685
6.299340543787391 -0.3514715839486752
3.1102816062071885 0.22309052622444073
3.0461959692367557 0.20225616275837202
-2.142951393175935 0.5256490425837084
2.7961322236478043 -0.11708522870261356
-0.03252329212111782 0.3393374067458015
1.9280123401625846 0.5150225419075367
5.1660585449019365 -0.31655708137101174
6.493764378951264 -0.43595270183598783
-0.4709051547719345 0.5004237362097932
3.71027075656072 -0.4323239877334491
3.142133637932844 0.21812979381817404
2.939584511598781 0.5169833566043258
3.1779533442749877 0.3788720326693307
-1.538789610074344 0.9616282426938658
2.574040548370989 7.255852336770507E-4
3.63803923680274 0.036424665866357786
3.191249546535201 0.16765033427534298
2.320914174439732 0.26244024074935945
4.199096381069763 0.24233653455629459
6.1951567967520464 -0.11636704252511781
2.955741882166975 0.15893670503952226
5.075416606474492 0.011578783419439742
2.8971299977525105 0.3003367201500663
5.2979315134304805 0.00722529118031795
0.13569926175306746 0.18389005860476426
4.378407389041458 -0.203128134713635
5.276811150743429 0.10642329545074308
-0.6140279075714985 0.559511944680414
3.8639348406380907 -0.03529960277891092
4.256744677963357 -0.12149215467355146
3.2203135872920168 -0.20495296127292462
5.73359641050568 -0.18174775939058535
0.8594667586298985 0.37869035048935207
2.7130335105907846 0.09227753877896794
0.4712182437148864 0.09774225204749341
4.992440067159281 -0.15304861973226247
2.95737102731005 0.13668723221012027
3.3339316885833346 0.4154087417277307
5.893804246060247 0.4802767158259364
1.9066593866273696 0.040567621317396774
4.432483580779444 -0.08388516834130927
0.540308240029653 0.3022692802079757
2.281551336717369 0.12410826590599205
-0.5024785557655504 0.5766917517709444
2.1595825628182066 0.14961936499274045
2.455707403264596 0.11828886071178253
5.694994844893069 0.004079549967272472
6.477951712927812 0.21311282880466892
3.2454933638409345 -0.10270686108587779
0.7872967990728679 0.7067180880881223
5.77569521470164 -0.13270020071406258
3.945246414364414 -0.15073427413472157
1.1901093788023276 0.5698110722520937
3.143656678488062 -0.4223628524539504
2.684726641199946 0.025140476348117502
0.8854017459505663 0.47958752198077303
7.786158923235494 -0.3911541418564202
5.216657707951646 -0.061940015598242304
3.3378369595930204 -0.07700026455064213
3.3591595690622293 0.2839983067828826
2.929018342711706 -0.13620116971201157
-0.9530239631483748 0.5124595802866776
0.6138046951825342 0.21720184353434624
4.4965136558208565 0.06732683710819987
5.505810230865128 0.0239439504231454
4.330475696541327 0.22380515046521302
3.055132646150764 0.1394269871947009
0.2879883337767044 0.19057511224793788
2.350906321638433 0.40436385653461093
5.159345632070715 -0.0012091781811158775
0.02987621577506916 0.7359882005712077
2.8842162517436742 0.3331886769716263
2.0093293882323016 0.1963878695541099
1.2396829268658425 0.42853893055729375
4.594677607626135 -0.21597659214984788
-0.9089137392079302 -6.856905077638224
-0.5370751595280308 -4.967524636434618
0.2941965630643404 -1.2673302375866393
0.21426911116696595 -1.4799236081363154
0.025782636613137656 -2.441173460985075
-0.46872899109485106 -4.8482408427267245
0.5287005847320455 -0.31044096957034295
0.29113183326236647 -0.4978426366335469
0.9377091858323252 2.8599459757043655
0.362218482946059 -0.12178501687192611
0.34398130377055797 -0.29347127273234674
0.6960447047496513 0.9102206376734072
0.9714532611890754 2.49063664729012
0.8183669297787213 1.769786099098909
0.0016745239538866821 -2.7720898176844018
-1.0943730630684925 -7.843794619508779
-0.57220008923205 -5.669543877952737
0.3821223479119412 -0.5377834047989276
0.08944340805864917 -2.0049988528237237
0.7148941434458777 0.9506119554175068
-0.43307516531335216 -5.449141723076561
0.19051022988916777 -0.9837173846519753
0.3049667859042936 -0.586997054179579
-0.14973189614184207 -3.245386187719493
0.8128233280800428 1.814028060292689
0.013037253368113164 -2.3032626926123743
0.9287461264339041 2.273529670471096
0.21384114156239975 -1.7171355116537532
-0.22930153808844428 -3.9491447786330847
1.385316379043392 4.976254326317024
0.3614612694558097 -0.5956613938747601
1.3923137598935806 5.169992251199348
-0.41731237507850166 -4.859210740584925
-0.3672497564040987 -4.413175678061509
0.975950324206731 2.035327883129281
0.06494977743617661 -1.9154023729363883
0.7558973119298702 1.5587166471809621
1.1900487883196949 3.953095152326577
0.5570518204240836 0.30280873034124545
0.692193265990685 1.5184289987248567
-0.11107081496879462 -3.0710406716882734
0.2286139797486875 -0.9919501474522194
0.009113947517049692 -2.383347162647113
-0.9313673908565236 -7.539351419034029
0.0680437120677505 -1.682708551117531
0.5261605110162314 0.3938341440923603
0.19265483826064045 -0.9403464606935865
0.10309296693787892 -1.6601109697635794
1.2985102964089745 4.20206300570138
-0.20758444793564584 -3.6759486527686427
-0.33198815216159216 -3.9476627682642524
-0.013498699296019316 -2.2407092496387824
-0.3136236774558486 -3.5681680409091383
-0.6552396382933856 -5.16784307326914
-0.15169347376248607 -3.1397112840069763
0.7304323244028437 1.4231097498406187
0.025341663820757983 -1.970047302553253
-0.29393439129912813 -4.246239929285217
-0.35189099165808996 -4.567517024032453
0.92498523319788 2.8634147034351414
-0.16468764535495398 -3.639279593499335
-0.468701982448339 -4.9094867866471255
0.8521063169973294 1.401748379641118
0.3962285366179073 -0.2507714832153318
-0.6459784191146491 -5.882986643550572
-0.57657964958998 -5.730643974013687
1.1109467252057639 3.449380977672116
-0.025302452614601144 -2.3457925181676123
-0.23125746175669987 -3.829067893458724
-0.20072146491204435 -3.321035152127711
-0.7026786073753192 -6.45486242198994
-0.5807655238102613 -5.935208809482145
-0.8180930359715243 -6.67538099086304
0.014122853313946242 -2.291497369147306
0.3887319129525126 -0.17225497200658113
0.4091703968701892 -0.8639809708664803
0.11831293175836705 -1.8160420985889063
0.43393839812894724 -0.6485608114059966
1.2842218451517868 4.522895250601421
-0.005147077551486544 -2.654525778707838
1.304646593053027 4.6002071427489994
-0.9037112410769121 -7.071133528898635
-0.09741916325752592 -3.051480302247258
0.7237377160554828 1.645233738063883
0.48002532153512134 0.7080559675909055
-0.17688272692632048 -3.3723335181807856
0.09780267243101781 -2.0284082338838143
0.9503169250850716 2.358736206330296
0.5589150022358997 0.7202213579102872
-0.6893617616701699 -6.00612270834894
1.0891811426703346 3.3288393154493803
0.036385912330609574 -2.2992678813601
0.260639002560484 -0.6480763694222014
-0.20489114876603176 -3.4970724870551138
-0.2925456363760198 -4.177422377423388
0.036162224969935965 -2.0213908731844974
0.09687366401150516 -2.5166774734084667
0.18019294733043334 -1.9194787541244291
-0.23046802337382083 -4.211413485850417
-0.06382340663751382 -2.8418669133523373
0.3445071299761992 -0.5333092800385493
-0.9169775121274981 -7.368018218498403
1.2098759622965294 3.6650157916372046
0.49505493689743546 0.3267264533174079
-0.102651183243613 -3.062228386596103
1.178750169096821 3.669769820839702
0.7753127677233919 1.3212982854665554
0.7077129528295283 1.5188817392254146
-0.029681319445778974 -2.7690903398968785
-0.09980989226936784 -2.8547198505398357
0.18051554171438183 -1.244752377636361
-0.18335101696168318 -3.686029957929567
0.11877557998161287 -2.0574384593762405
-0.4749006177965048 -5.459327581070797
-0.1041993456038825 -2.623837082515608
0.646760763860597 0.5811490759190776
-0.6295986490554709 -6.021925219455412
-1.0725335654345178 -8.428003949613768
1.0027999871299214 2.8580386230657386
-0.42403177715052837 -4.956984098891999
-0.017952008355806036 -2.7084186531332644
-0.4083719726187314 -4.613031231001541
-0.5242287581351256 -5.1684485282530535
-0.23431894242605172 -3.5118128507650153
0.810192986465968 1.8641660336752532
1.323184021470072 4.573261016013067
0.5558170581046772 0.7335890154071141
-0.028837007476021963 -2.4836796158811816
-0.6897394964552852 -6.131588416428945
0.030280693419987147 -2.353388497473581
0.7175332878640484 1.4308364717956819
0.7983338944756926 1.5076253906040615
-0.5022902994791321 -4.978641000831442
0.9130216751117988 2.4922387700976505
0.45965710366560775 -0.04524505301821158
0.8415438752761388 2.0190485722578715
-0.47811986201818973 -4.832353051807328
0.3106301348338744 -0.938870644147046
0.11455621784789805 -1.483976766820608
-0.2122544010521703 -3.1455097421465323
1.1209109368095387 3.125718010441218
-1.092903340402784 -8.507932660191585
0.16630237388416583 -1.3559930082217564
-0.9389085482138503 -7.158616041294785
0.09809950716088922 -1.5644786372060826
-0.44809435092449806 -5.001896543143065
0.12572921356674055 -1.6292338231159023
-0.39576345375203237 -3.926585824030047
-0.4914418238512142 -4.715470903119595
0.3710249127746406 -0.6956390601624238
0.9778894122706866 3.275169026414192
-0.43712170984302673 -5.261054234145501
-1.145640836568622 -7.983799688341641
-0.3694217668732909 -4.4841189273136255
0.2633420216381256 -1.050044587908629
-0.30042441283177884 -4.3779831295455764
-0.18239597922474304 -3.106247131906526
0.7578253643158618 2.019151624186429
0.2254897621951194 -1.0662932151026716
0.5717719566317416 0.7714234498460857
-0.0935773618608865 -2.494133464271184
0.45559138852979 0.2548900768608342
-0.22807994903002754 -3.4225724274691416
-0.5997430048202858 -5.300296177084842
-0.23263923110011864 -3.8330550637991267
-0.21815363873541488 -3.383304885230026
0.4908913846656725 0.4570433177266011
-0.35640672521167593 -4.7643736398708185
-0.7088714702811909 -6.284637012254635
0.6108117623858536 0.809332175966206
0.3828196100682746 -0.9312305473736726
-1.485009007570979 -9.843440372673207
0.6711743872645337 1.1157769690527464
-0.7826460656239396 -6.483460835520205
-0.47881559034739535 -4.952224593730964
0.16192623949259172 -1.4466554447022653
0.12376491723570562 -1.9240210500843766
1.0817619819994468 3.0167314241159446
0.1945185671799916 -1.4935426582183946
0.37846924558503015 -0.3990283527462952
1.664987880297273 7.497370929948319
0.1754030822253039 -1.2575395267373106
0.9214723914879185 2.132315925229918
-0.15369551793091069 -3.141646325428922
-0.25119714793450276 -3.4435696511052623
-0.6223875227388663 -5.166722281421368
1.1141885045388267 2.786653996969416
0.07271943322097002 -2.990933522067889
-0.16751645718182956 -3.563279470666399
0.1522243707701339 -0.9046970757839499
0.7755417102022205 1.2715043945895297
-0.9034885173244078 -7.3605014002825655
0.9539961206181877 3.037237225230055
-0.1986527045274516 -3.3754906797432387
-0.29331044482223656 -4.1015939106992185
0.5297875471321247 0.25801662182648943
0.05051605757052544 -1.885413790916935
0.5634770567152132 0.7424877341304374
0.22373381028561268 -1.3784253063938559
1.1390197729120233 3.4260544849522057
0.2766286608535541 -1.1032317058641852
0.5025621425581338 -0.915980584573429
2.858303342127764 0.9128057123064146
1.2269988547762174 -0.24128816942087444
1.6607983903122907 -0.027122445753290203
0.2868472529289102 -1.0902049894543688
2.819949534153278 0.9000986709860903
0.6849026860855592 -0.754803586381059
1.462615804712352 -0.19458133061919164
1.436338872215233 -0.07772779021185622
1.7383243089558875 0.010563968671655155
1.3486354193175716 -0.24686674972051517
2.030271299363709 0.3198510692728804
1.151266460310948 -0.43878204171378665
0.9420806546124965 -0.5662308483649059
1.2072502947488086 -0.40720657916890934
0.8856174914156745 -0.5693533468236225
0.23872374507929228 -1.004752275467137
0.9044111070234627 -0.6018439169510801
0.5527524175183035 -0.8342034132624037
0.03631090597857467 -1.2720068897799586
2.44959442628174 0.6700544182568873
0.49866517052402637 -0.8941361497799545
0.05322988547924212 -1.2455611952839363
1.0792841919838227 -0.4971852031503277
0.7282769764357953 -0.7023999802675965
2.5034078540196605 0.6800513378067332
0.9768928118302014 -0.5614450930780897
0.4560450034134811 -0.9375992582443664
0.0802394875256176 -1.2176094657692098
2.283783566058683 0.5512916556745151
1.0565640510248848 -0.45999641343813347
0.4149439446479708 -1.013394601433665
1.2500536621952065 -0.3249047314162732
0.892586942132102 -0.5597506211950862
2.1204295865091796 0.4556865751445492
1.730528873969543 0.07545940788164807
0.10639741823325499 -1.2547163887408566
1.0725617423134255 -0.45342479826608006
1.4591460794731468 -0.2411163599412151
1.6436095465157257 0.034519868934878906
0.8907061331787075 -0.5371543183565591
2.118975880191187 0.3528987349106683
0.9566747699740182 -0.4843282084869579
1.5323350148463843 -0.13316719651475348
1.4008775347408247 -0.19425930617585724
1.9109482370616684 0.20425549962310868
1.2899979528773813 -0.3204319820707643
0.8875416383505226 -0.5675082923723941
-1.1634924695953681 -2.226285880910183
0.23344389866862314 -1.0314359246775295
2.1241822657713376 0.3992164236521624
2.815106697655512 0.8864400787899751
1.1212209690677988 -0.4095409113668717
1.4435480385321828 -0.09891011422306878
0.15364220076684787 -1.0962112629392053
1.3086979865179629 -0.28249032186262424
2.4575532966946056 0.6132501678590017
1.2066125455658594 -0.3602410739733716
2.057440820541321 0.27675505377366355
0.23872445387071428 -1.0200038651273815
1.930092500999339 0.22390762967218375
1.3001124418303696 -0.231296082852585
2.926234451675527 0.936958783328727
-0.8404659451576229 -1.9367277391185924
1.6939091781345317 0.10944517111281865
1.7109881234999285 0.08106039318965591
0.9780444584895509 -0.5267088965136802
0.5679253838025868 -0.8308956681707731
0.9467298415869831 -0.48671199541193466
0.41873321236154637 -1.0078498795014168
1.0252517209721503 -0.5111685315314263
0.9236717682855651 -0.4997939865146186
1.6100740745329607 -0.0015486629719456135
-0.8947407012649053 -2.019890335461202
1.048383150025403 -0.4658282665141137
1.4180377191434859 -0.20077817342749427
3.11026015871143 1.1051595445510394
0.7436945028925966 -0.688575267563308
0.7538561206764778 -0.6726805318593636
0.7714972265391007 -0.7292874893189023
0.33652707011198213 -1.027607582429736
0.5334182703580267 -0.8732582731889074
1.4133218892596886 -0.14231160141702096
0.7933550902755688 -0.6473341129267749
1.7792744913033092 0.06068639614793353
3.143327107567239 1.2100524835490376
0.8507596926479846 -0.5915136425136573
1.0429674765919765 -0.4799190450486999
1.7173297108084449 0.018127455282480276
1.0901550874166084 -0.46852766353316455
1.0629279621288092 -0.5203501968521997
0.6322167825064489 -0.6872388048204544
1.2996068329374275 -0.18841652521706703
2.418887270651627 0.6300843049619016
2.219125659628638 0.4185266071772881
1.2634529765746445 -0.288803245581635
2.0022779869834597 0.20219638834283377
3.573096533370296 1.4556780164811547
1.7921993881002065 0.07807386275435907
0.39093175234144795 -0.9464229341362402
-0.2960631931412794 -1.5135345736821773
1.9630627022377594 0.2850697871491555
1.8510350657818486 0.17123040230856107
0.49203662378406676 -0.8780619013329218
0.9290473729471944 -0.6086501700383042
0.5786204311067578 -0.8723650824858793
-1.0620622724003836 -2.1363433637761102
2.1853196054271806 0.407225748514001
0.619877838444032 -0.7250044749577991
0.9763652214593225 -0.6330784599807195
0.727087604789463 -0.7143421259798215
1.5277017955457082 -0.005161760276750416
0.3714411068799581 -0.9872148486212531
1.057393082228466 -0.4941051965585317
1.011150822954098 -0.5532475697333648
2.3688761555192936 0.5383095558118214
1.7989033506651388 0.07357955475378247
1.1457338876029215 -0.3953965901029324
1.8690052396156072 0.1548244187691194
0.5790600616964758 -0.7730615922831339
1.3326403369989068 -0.21240001772651587
1.0691508156185323 -0.44421638186464624
-3.075527786622345E-4 -1.283270094093395
0.9247055552808706 -0.5960282601608555
1.0896861195638194 -0.44248335353113755
0.44370317362456513 -0.9545825813761091
2.7860047060166613 0.887432781432719
0.3633935366901122 -1.0144888672896972
0.4283916368641254 -0.9240253393377855
1.9584842359144985 0.332361647536451
1.427651010565208 -0.14551053033542344
0.9842762372252286 -0.5230761683487165
1.0765817972158402 -0.36635581438284953
0.7486922120280943 -0.6301850309038841
1.7497365216877223 0.021518848237565835
-0.18373102687720366 -1.4400977227461356
0.7731086929891164 -0.6869475313462212
2.521847963906921 0.6642934598270804
3.1409404681343673 1.1562452604240083
2.183115856892023 0.43549879364252536
0.5365662360078596 -0.8717662388723932
0.011711324725233618 -1.2551932301331654
0.7937131382521669 -0.5844306110364712
1.7451334597577994 0.11796702969886635
1.4454148216777276 -0.08538134586981216
0.8501995571498085 -0.7302827278226371
1.8843953979340398 0.1492964782798331
1.8424013467802312 0.17910614128520663
1.848086106421341 0.17694542850145717
1.6375244516949612 -0.010997457061609539
2.5025755153367726 0.6854145943830015
1.9704940231852854 0.21430179145206912
1.0150654343806305 -0.5187103995630624
1.5514460455161254 -0.07907556718854183
1.625898524214489 -0.04185257281340338
0.8520397179792238 -0.5871101526541708
0.7922022961372757 -0.6569578044251423
1.772873234188558 0.061773582100933755
2.5584339146412187 0.6687234802534321
1.4922028779833454 -0.11942728357440918
0.24754430658448046 -1.0196443690042603
1.2633576748313304 -0.35294706073413984
1.4149137494855157 -0.1631939299441882
2.065670188569535 0.354081499658582
0.9971651709824452 -0.45870042779564013
1.6169733449366084 -0.004859451500341172
0.3839911481330761 -1.0265189777711592
1.8711963954998674 0.2554608971190207
2.1998719090518817 0.4005847839871513
1.3012140915387431 -0.32311553299141726
0.6426175958310266 -0.7922484324656965
1.1761486230147282 -0.46356729542773684
1.7229623324638537 0.12294028462698703
-0.5461153495084474 -1.7011592345635074
0.8966860500346792 -0.5683124003084714
0.9171574608995674 -0.6101849236745238
2.5123121515256406 0.7114142460040704
0.8538558234241761 -0.5676669301772388
0.586539493101286 -0.7916525433432791
1.6702432465273023 0.015322111612807499
1.366896778249127 -0.18227501110992927
1.8461680133201606 0.13094043875802747
0.7395804081731793 -0.7116755087511536
-0.40643853350960435 -1.6377086553543374
1.1310657390664915 -0.3384354336140906
1.0530562716719536 -0.4534930340215855
1.5112965603424917 -0.14480798209769158
0.7442526181793714 -0.687617369866182
0.6464171875933313 -0.7529349943921522
1.1311888317532532 -0.40819571829915047
1.5888289597131648 0.003863814691980716
0.9833093594200601 -0.5045141285124773
1.2879574636949895 -0.2464037984988156
1.4440133597722786 -0.19895402786945293
1.966876575647647 0.19178821059598894
1.5447904419192628 -0.07943877450417225
0.3050569515172379 -0.9023734563692118
0.4491955552862691 -0.9572054739591893
0.6861561455066385 -0.7863507118766815
1.0533135118298977 -0.48000391450795854
0.5534003958463398 -0.7985651429917755
0.3521478410364012 -1.033771366931417
0.9133348180404561 -0.6112460485626433
0.2753235586924856 -1.0643967363523805
1.268741555776983 -0.31227841090527964
2.054360382774718 0.32309596151927883
1.7865446574153274 0.08190270833649876
0.012922023097999613 -1.2342229915842537
1.4298948702958483 -0.13232562746395343
1.9683068056202238 0.31215087352541654
1.5806684143564715 -0.08523741019474923
0.7560605715630633 -0.7160980452576938
1.939488656773802 0.19907987939297517
1.3968578529110875 -0.2536098451661434
1.2085558549673205 -0.38259174008167646
1.8443038610308478 0.23604319120403822
1.5832178814917048 -0.024212613919455284
0.6146224858883013 -0.7968650637215717
-0.44867432133890284 -1.6446624485714711
2.11710189107045 0.31594487362029317
1.176762137958937 -0.37205300800580127
2.088145418167482 0.3216935241961821
0.3333024221827978 -0.9687958153759311
2.0506688681029623 0.32729901854467774
1.8969911313478574 0.18327095928374132
0.5032655430681892 -0.8955485312051559
0.716269285576284 -0.7129397402083724
2.51328362917853 0.6260868440613183
0.7338419861793832 -0.7356802441714243
2.328649377764189 0.47548862989346047
0.974285728836954 -0.5578839273704508
2.8950393961398557 0.9780589041156293
1.0593715174713245 -0.41526109022648894
0.14154226284492655 -1.1789494875086621
-0.10556111689143921 -1.3986368987782491
0.555501374415333 -0.9187034088965436
1.0453285503861054 -0.5162839371972261
-0.00670086270739545 -1.2962810160466758
1.5298344330768374 -0.12844106266891162
0.8805429544747776 -0.5436437707430575
2.3822721754641027 0.5648285316013197
2.2408812038414583 0.4460715161884034
0.47475294796949197 -0.9628123723973028
0.46112364932921934 -0.8969528179346549
2.292699617442803 0.48388202012017695
1.664780021104249 0.09144196539153532
1.7029945647772677 0.018640578124778706
0.37583469193666696 -0.9207855682272164
0.40038752077886397 -0.9739858659485385
0.23320253880462616 -1.0723902820210744
1.3420662766804017 -0.24804206469640425
2.354589054140415 0.49363843163606974
1.552749171386374 -0.09247430255662428
1.8583493642413291 0.16876898222550452
1.6821116101605675 0.014009280983584005
1.7140214940111702 0.13783161196657928
1.5868071141990074 -0.05725172914107052
2.3681167342960947 0.5690410330121118
1.191957649081505 -0.28533211014741167
0.950558328769709 -0.5163826544806098
1.0910968201623659 -0.3860714682013242
1.252441034042769 -0.29519984845627273
0.8600124553914064 -0.5886043721812435
1.5282290300625179 -0.1016322067094125
0.6599726196332824 -0.7522141232127668
1.1420166354546633 -0.3352189792159107
1.5405902878475024 -0.04603588915761053
3.499169034176065 1.432121730833689
1.109914679265168 -0.4532445452603046
0.8047368047352048 -0.6679523842903599
-0.19827687326673216 -1.4438312806693718
-0.4846554064606867 -1.7480185803220638
0.8342394739194378 -0.650077721730665
2.1691289166564496 0.387716872120123
0.8068390629827074 -0.6460530979408238
0.7748523806950939 -0.7109311847562915
0.5671332096174236 -0.892149644496439
0.9088706505901537 -0.5341422596631681
1.6034786373736156 -0.03884835157976729
0.840992669368047 -0.5578542964943289
1.1375193986767884 -0.4253850078298682
3.894768392868561 1.7000052815658822
0.3810854727068005 -0.9625058578492085
1.2044918719344102 -0.36494585988239836
1.1333190318101751 -0.46492137897049196
0.9088240900614053 -0.6383040615206887
1.9604658529196763 0.23791956607665848
2.578736537132125 0.7540481608878824
1.4344175119737104 -0.11843011455865132
1.393257829050309 -0.2530289842799268
0.5861145345776201 -0.8283247820529971
1.6089006629636282 0.003604874857275564
0.404296309891228 -1.0087929103753224
1.6171065902666162 -0.027148536538871615
1.2580595260993597 -0.2979481649983686
1.1014813481492651 -0.42974959804726853
1.3803174602389818 -0.20533701463171639
0.9435254172203023 -0.5759433098247948
1.6988780273968787 0.0733727506282198
0.8973974344926249 -0.545468758210351
1.1633037197809117 -0.3702371537646541
1.4179102659699747 -0.21122337469622826
1.2781983845578206 -0.26649365955470683
1.2237971060341875 -0.35093703243121666
0.24129242305662113 -1.113752262509211
1.2847563318109345 -0.2873782871773628
2.2957634373926123 0.52118160111012
0.8616221458824431 -0.5543996244190357
1.4670595147256245 -0.18388459125718168
1.2801842921225723 -0.3344718585155874
1.5637801044530752 -0.10556951194064543
1.1963994324798795 -0.30728905852505395
1.2008102705077752 -0.331873689699773
1.3262676297784801 -0.2662888817318973
1.0735923438531658 -0.42491128203147116
1.4630303937459619 -0.13928040274719844
2.225426586752612 0.42974638404902415
0.1425993144171085 -1.1423595946422238
1.7050819631558722 0.1321390930282002
0.3344793020315935 -1.0200674891459134
0.34249603307348275 -1.043245014271819
1.5365636639363325 -0.08964330342843976
2.0254235833607144 0.40440545459332483
1.1672442234605216 -0.3908725364789477
1.8977458473287205 0.20774582870532404
0.16366687411083736 -1.126091795471726
0.5768098619779831 -0.788069080786322
2.004700615494198 0.2424456124880719
0.8739563771378946 -0.5138647549964445
1.0377371726786517 -0.4421612120204563
1.4782973589203898 -0.18782921667222474
2.8449595966282244 0.9114174434740976
1.5898708521642377 -0.05892659899995223
1.0517993317300367 -0.4770700139277495
1.1168619149071537 -0.41409150621026647
2.143591480079593 0.3979479319861508
1.4174857381865493 -0.14427561068883452
-0.47745745327623346 -1.6253367083195558
2.1793442184853067 0.5009625438706582
1.0566854847354663 -0.517217128695291
1.1776892743632568 -0.35814345710769846
0.5178968998498459 -0.9005658235436784
0.41497179075364654 -0.9109959756684245
0.19525062563217555 -1.0908810422863697
0.7556286491850264 -0.7122693274060394
1.9404117745059006 0.2821357421401219
2.285836297254815 0.48076459308855873
1.0602894173027415 -0.47276758058617996
-0.1948720838661122 -1.448406454816498
1.5242490795095098 -0.07217203936550057
1.3472735876796187 -0.08169379884110112
1.2818682855777803 -0.23120723504018875
-0.34254348585702 -1.4921560720415652
2.159556885756456 0.4531889621424134
0.4353249240174144 -0.9017685031222515
1.406549125459616 -0.24739937680719548
0.966791201169497 -0.5327753238128249
1.448908966071348 -0.1708363468099814
1.6552239474579982 0.08992998685575604
1.0041591931011795 -0.5223870329274208
0.8050792601366449 -0.6635954315993704
-0.0799209325616923 -1.2990767980712263
1.1947018931918356 -0.3894046618909539
1.4024467257878577 -0.18309713271991734
1.282764501038201 -0.3029640169591492
0.4414255586364082 -0.9040150522788888
2.457077816713889 0.585766565730726
0.363715820723734 -0.9779634348007515
1.188782958417864 -0.3159161514419381
0.3900276146020387 -0.9392089578902134
0.32783231414974934 -1.0328194967290474
2.4522852868852985 0.6528763231009964
1.6527485320317405 -0.01674178705748819
-0.23031387687358573 -1.3964514038906015
2.0129597506940895 0.2762281126477785
-0.145514275207556 -1.3594187928152075
1.161213730781464 -0.28740490095376153
2.2682651849183295 0.5000877750893369
1.0246247060234266 -0.4560570623933472
0.8190883644413889 -0.6511878159834157
1.1951934456540894 -0.33497428968574133
2.539887600158196 0.6782967184575632
0.9454688062449216 -0.5744860522715148
-0.8566745897684593 -1.944095628471121
-0.27922454849893574 -1.5159327387772936
0.6135811189567716 -0.7583049641944684
1.8021393347086636 0.10205739329928915
1.045177527961343 -0.524285277581523
0.6220721778383214 -0.78447142227394
1.4354093097542626 -0.2038169285446735
1.2521897897509122 -0.26649443190333844
0.5344846550475812 -0.8644162852359838
0.993045212910658 -0.49868826121492604
0.5383315851418126 -0.872763201962387
1.9241321791767494 0.16003926519292833
1.1561824099735702 -0.37389102626388043
2.460925627761649 0.5691013984039979
1.3789998389830673 -0.22077581698601514
2.6642126550990586 0.7953838209200514
-1.0371040606636166 -2.0935968981872657
2.45586226376413 0.5688425188839421
0.9075473933114384 -0.598974610395252
0.9614542022746018 -0.5914612944866731
2.674504458038659 0.7981248138432953
0.197337026864002 -1.1182551002949677
0.33104205623519534 -1.0428429290129568
0.8659799753434355 -0.5305543570827123
1.5716808301577638 -0.0794967285464723
1.8197584886056137 0.14464653213006762
0.7725889597493287 -0.7603952500676439
-0.6427459392969417 -1.756802696206136
0.9159365943822158 -0.5472662396900746
2.2465723250777305 0.44409306249604513
2.2091416653614058 0.4648380545363146
1.3652434394262734 -0.32787957876374835
1.752865137377956 0.12863576704256185
1.224192398841094 -0.340254379671987
1.2853193419183917 -0.27488793893380825
0.7228319250831304 -0.707140101889006
1.0670433906658408 -0.3829879456803686
-1.0783196580212593 -2.1101560585601
-0.35295947898347624 -1.594088615206747
1.657104673285001 0.048394111748579494
2.3488832015485626 0.5490819306597514
0.2917264464772551 -1.0729190866632956
1.147949653053942 -0.39122172324025456
0.6930181530120373 -0.7791561625543741
1.7946594015609545 0.11524478597232046
1.217839400524046 -0.28290675979772395
0.40855912115022575 -0.8515921974613496
1.6509479783495276 0.02628076957847386
0.48419467347157186 -0.9537681162398832
1.1235039646412674 -0.36746894319683343
3.1859564866160754 1.192451225403556
1.2517159695046138 -0.2516202099416228
0.4258702769491569 -0.9955046770444189
3.338435647189012 1.2899580697792496
2.558805057694269 0.7305516379163304
1.0889453121398223 -0.4459833105927711
2.749589615665683 0.8515741353912432
2.5265889824401304 0.6635787562573772
1.4142226694129074 -0.1258215681748442
1.118563036110055 -0.36198855395925483
0.811350640223096 -0.6788790216880474
2.969575129994481 1.0810019810103157
1.2956332002093986 -0.23875587917555513
0.8267748645905193 -0.6446085333425828
2.0490717928536935 0.33102773219707676
1.797594750215499 0.10728250166925918
0.38893198576111 -0.9711951020243628
0.6783382300431448 -0.7459256700015535
0.338898307186037 -0.932826574836737
1.008150678034785 -0.4966064224853402
0.9458032885227522 -0.5574525834843095
1.496887168198328 -0.13357774989789087
0.3161064744482833 -1.045098467128182
-1.536811046533506 -2.4760097002544565
0.8235950340183501 -0.6359805500712861
-0.11110250803832478 -1.4443341695889085
1.7558875739478408 0.09059370557843804
-1.0071185910905918 -2.037221026752503
0.38645106594233114 -0.9781196061603565
1.593880551850797 -0.09715106670696319
1.9552864851875325 0.23363158426665348
1.058067678534975 -0.4515195060585573
1.8620940502580592 0.14053895998567761
1.7492205813577524 0.073422243996703
2.552548760700171 0.6154412025043092
0.3093029729506691 -0.9868072597874462
2.612119432783196 0.7462555129994837
1.55174076411522 -0.06730074394000835
2.5452802186319268 0.7005642876252289
1.527784401786477 -0.102513934081085
1.4127394164929372 -0.1267310336916233
2.116102613719991 0.33848099117709834
0.474745341341011 -0.957113174453956
2.2588986678375815 0.4989627876882646
0.41396785001053127 -0.8550363629183857
0.7156641185877226 -0.6337643918507111
-0.25337156426622887 -1.5120438967614975
0.25555421909485476 -1.1143793789532386
1.0522389683997486 -0.4913201814524323
1.4904889019856502 -0.14569210538442942
0.7973655725814546 -0.6305060400040019
2.182805699891539 0.3659305500480636
1.541845493514721 -0.0849525313811077
0.9054931804811006 -0.5031742327117423
1.1013035527311954 -0.43082580831994755
1.885869946609459 0.19884130017090101
1.2887433596363251 -0.2138616991994916
1.9813202062824768 0.20816568878284641
3.469453994783642 1.4143106275209816
2.2856205028981336 0.4598687506780998
1.324809675064909 -0.2449486082540619
1.6800138087037972 -0.005284646378368896
3.1829832836026153 1.104581848951714
2.549291013738278 0.7150320021608076
2.30871662996529 0.5213008773171155
2.168842212595798 0.38283821320285877
0.427569675684236 -0.9499055621424968
1.5496972989103095 -0.029136401464548323
1.3489414916898506 -0.23484020932663727
0.7856294769849392 -0.6767075191620702
-0.03659845473256107 -1.3291603897580284
-0.022441467316482333 -1.2898974527555713
1.6883852058284345 -0.03418830340373852
1.6410961410335718 0.010364395883413813
1.8093748424350469 0.0892068618529202
1.072007756204258 -0.4326857185550116
0.43839056537609566 -0.8795279624201087
1.9739683339727963 0.20669629956387597
0.8761616495519715 -0.5521856652892023
2.7666368809302027 0.8811107904623019
1.4296854688005523 -0.22107143546090768
2.1060909870644395 0.36927292385675087
1.8731058511615721 0.211364530896144
2.423069043703906 0.566699889876876
1.6036711301935873 0.08492436940706322
2.1842479426558574 0.3565216538367137
1.4323452885110242 -0.13682253698976624
2.1271628011829318 0.44641522655699756
0.6070081349778855 -0.7789873920351733
1.1720403344935526 -0.3829538134627516
0.8892611403552966 -0.6395331222955252
1.5055878774366374 -0.08976171133178062
1.1180925579462753 -0.4065381500153625
1.539423098558262 -0.0821590598801373
-0.03827743069671152 -1.3057405531217472
0.8611165003903849 -0.566351478382801
2.3976188624292867 0.550522914950039
-0.8454357588365795 -1.914916555213186
2.2494275547564633 0.428078305860875
1.3989625632459792 -0.21285424363288832
1.3462328089443367 -0.267931248975111
0.3329246205002542 -0.9653423842347688
0.4682037295672159 -0.91443061655303
-1.1517999203095295 -2.102985994834732
2.2676290251840254 0.5617381604879461
1.6820156669350241 0.038248027974707666
2.1617313446714572 0.411301315499122
2.119898907354203 0.31230479157928853
2.029562525750627 0.2721368441742669
2.2248154853449775 0.5233436226481891
0.4472645714817628 -0.9436257997208377
1.8912331631798125 0.1557392061192301
1.7914370463506937 0.13014053448948254
0.29706742878537784 -1.0653478199543847
1.1292433761426754 -0.4286266378390604
0.3606739074849744 -0.9373214121371756
1.320298515270017 -0.19866288644532554
0.3181461633331787 -1.0597824947136865
1.106836631672758 -0.4382393253343475
1.292520968968287 -0.23728741439524959
1.6569771632348052 0.019762468573214842
0.9663172657742132 -0.6023756865686748
1.6363464789605282 0.02280103987770149
0.792943777102099 -0.657378551515559
1.2233360808556668 -0.2419471238464514
1.824109614162454 0.07608301616856022
0.08738355150697097 -1.232239767119892
0.06293481967841341 -1.1698356316295582
1.4776979538731732 -0.1039858946914019
2.131043134540288 0.461541936620713
1.789289213332336 0.1736009215269439
1.0008245111646041 -0.523155007091004
1.89919281332461 0.197645768491364
2.1983244840604264 0.3701637481353018
1.1958729898477105 -0.38475204314869177
0.7478523435970001 -0.6693579305828861
2.2247719387541727 0.4462256672259605
1.2943663773677365 -0.15942474644471655
1.3262751393562842 -0.27795395046477767
1.079383995243458 -0.40652876414697914
0.6300784783159117 -0.7486571652381047
1.1041321248455742 -0.451500649874796
1.2254253400792823 -0.320755683902893
1.479784114105322 -0.11467552130513231
0.6620596642382082 -0.7997101410124245
0.8788019064081818 -0.5840469342065095
1.5648296024175294 -0.06566559271319128
0.5017894403562112 -0.8910738167842369
1.5661687593756117 -0.11108522159132916
0.8165487459232872 -0.6509410620203093
-0.6939997180943895 -1.7694773558599657
2.044214454650893 0.3337921917470749
0.7106315398050442 -0.7165255571847902
-0.41480981266975037 -1.6412857218888526
1.1385812509806088 -0.3471685483048708
3.0495757552299683 1.114925488159407
1.573637355132814 -0.1466257274572591
1.673766972197129 -0.011681418287506073
1.5295980487494578 -0.09855678605411283
2.0470437628277325 0.25614885322299247
2.388598486239358 0.5681505585593234
0.8312082031681052 -0.7022375469556557
2.6955189987715102 0.7973861768197952
0.12795722981349167 -1.1434788450755407
0.8416151471953355 -0.7028736074184134
1.455534135444256 -0.13562051595851413
